v2.0 raw
68
63616d70
696d
646973
6465
6761
637275
6d61
0
67726164
70726f
6d75
72
0
73
0
6e7563
0
63
6f62
616d6269
77
7468
64656372
0
696e6469
706f
73
6272
0
0
7361
0
616e
73656e74
64
656d
0
70726f
7175
706174
736361
0
6361
0
696e
666963
0
706c
0
0
74
636f6d
0
73
6368
6368
70
6c6f
6d
6661
67
64656369
0
636869
736572
64
7465
70
0
0
6d757461
737475
0
66
74726961
0
736b
647261
0
6275
0
73746f
0
73
6f
636f6d6d
74
6d75
7265
74
7379
666c
70726f73
70
6761
74
7375
67
66
0
0
0
726576
63
73
0
70726163
71
666169
6775
64656e
0
0
0
6d6f
6f
0
7265
0
0
70726f66
0
0
0
73616e64
7375
6d7573